#period	period time	calc time
1	1741	1256
2	1747	1259
3	1499	1005
4	1500	1755
5	2247	1002
6	1498	761
7	1501	754
8	1254	1000
9	1494	751
10	1247	1003
11	1249	998
12	1499	1003
13	1497	754
14	1251	1001
15	1505	743
16	1242	1002
17	1499	752
18	1250	1003
19	1252	999
20	1493	1004
21	1499	754
22	1251	748
23	1249	1001
24	1497	752
25	1249	1004
26	1499	758
27	1250	1004
28	1499	1001
29	1248	1003
30	1504	750
31	1243	1002
32	1499	753
33	1249	753
34	1249	1252
35	1503	999
36	1492	1002
37	1249	1011
38	1501	752
39	1248	1003
40	1498	752
41	1254	748
42	1494	1002
43	1249	1004
44	1499	1001
45	1248	1002
46	1249	1002
47	1500	1001
48	1247	1011
49	1501	1251
50	1499	1002
51	1498	751
52	1245	1007
53	1503	752
54	1249	752
55	1249	998
56	1499	1001
57	1498	1002
58	1249	1001
59	1497	760
60	1250	1001
61	1499	752
62	1249	752
63	1251	1253
64	1497	1001
65	1498	1001
66	1249	1003
67	1499	752
68	1249	1001
69	1498	756
70	1249	760
71	1499	1004
72	1248	1001
73	1498	1001
74	1253	998
75	1244	1001
76	1499	1002
77	1248	1002
78	1498	1252
79	1499	997
80	1497	752
81	1249	1010
82	1502	750
83	1248	751
84	1248	1002
85	1503	999
86	1494	1002
87	1246	1005
88	1500	753
89	1249	1002
90	1499	751
91	1247	751
92	1248	1261
93	1501	1002
94	1498	1003
95	1248	1008
96	1499	752
97	1249	1002
98	1498	753
99	1250	752
100	1498	1001
101	1249	1002
102	1499	1001
103	1250	1006
104	1500	749
105	1246	1002
106	1499	756
107	1250	1251
108	1503	995
109	1492	752
110	1250	1002
111	1498	751
112	1248	751
113	1499	1011
114	1251	1000
115	1498	1001
116	1248	1002
117	1504	748
118	1244	1002
119	1499	1252
120	1748	1002
121	1249	1251
122	1748	1001
123	1248	998
124	1254	1000
125	1497	1000
126	1247	1002
127	1248	1009
128	1500	1002
129	1498	753
130	1249	1003
131	1499	752
132	1248	755
133	1250	1005
134	1498	756
135	1251	763
136	1497	1003
137	1250	1004
138	1503	1000
139	1244	1002
140	1498	753
141	1249	1002
142	1497	753
143	1249	1251
144	1499	1002
145	1502	759
146	1246	1002
147	1496	755
148	1252	757
149	1248	1002
150	1498	1002
151	1499	1003
152	1249	1003
153	1248	1003
154	1498	1003
155	1499	752
156	1256	748
157	1242	1253
158	1499	1002
159	1500	1004
160	1502	749
161	1245	752
162	1499	752
163	1249	1002
164	1249	1003
165	1499	1002
166	1497	764
167	1250	1002
168	1498	753
169	1249	753
170	1254	999
171	1494	753
172	1249	1254
173	1499	1002
174	1499	751
175	1248	1001
176	1497	752
177	1246	759
178	1254	1002
179	1498	1002
180	1498	1008
181	1250	1002
182	1498	753
183	1249	1003
184	1499	751
185	1248	753
186	1249	1251
187	1497	1012
188	1501	1001
189	1498	752
190	1248	753
191	1253	999
192	1495	1002
193	1247	1005
194	1500	1005
195	1499	753
196	1248	1002
197	1499	751
198	1248	1010
199	1500	752
200	1248	754
201	1249	1258
202	1500	1013
203	1247	1002
204	1498	1003
205	1499	755
206	1249	751
207	1247	1001
208	1498	1002
209	1506	998
210	1243	1002
211	1497	753
212	1250	1007
213	1499	752
214	1247	1004
215	1502	1001
216	1247	1001
217	1498	1002
218	1498	748
219	1249	762
220	1251	1001
221	1498	752
222	1248	753
223	1504	1000
224	1244	1002
225	1499	1001
226	1498	754
227	1249	753
228	1249	1003
229	1499	752
230	1247	1008
231	1505	998
232	1245	1002
233	1250	1006
234	1497	1002
235	1249	1002
236	1499	753
237	1249	1252
238	1498	1002
239	1498	1002
240	1249	1011
241	1251	1002
242	1498	1002
243	1249	1002
244	1249	1003
245	1749	1002
246	1249	1001
247	1500	1000
248	1247	1002
249	1249	1002
250	1501	1000
251	1247	1002
252	1248	1251
253	1749	752
254	1248	752
255	1499	752
256	1249	1002
257	1248	1003
258	1499	753
259	1249	1001
260	1498	1003
261	1249	1004
262	1499	752
263	1249	1001
264	1497	753
265	1249	752
266	1249	1252
267	1498	1014
268	1499	1004
269	1499	752
270	1248	1002
271	1249	1005
272	1499	751
273	1248	753
274	1499	1002
275	1249	1002
276	1500	751
277	1497	752
278	1249	1003
279	1501	750
280	1245	754
281	1250	1002
282	1500	1001
283	1246	1002
284	1498	754
285	1252	1001
286	1497	752
287	1249	1002
288	1502	996
289	1246	1001
290	1498	1004
291	1249	1005
292	1249	1002
293	1499	1003
294	1248	1001
295	1249	1002
296	1748	1002
297	1249	1002
298	1499	1001
299	1248	1002
300	1249	1002
301	1499	1010
302	1254	999
303	1245	1502
304	1748	1002
305	1249	1002
306	1498	1003
307	1248	1002
308	1253	1000
309	1495	1002
310	1249	1252
311	1750	1001
312	1246	1002
313	1249	1002
314	1500	1001
315	1247	1002
316	1249	1003
317	1501	1251
318	1497	1002
319	1499	1004
320	1249	1002
321	1250	1003
322	1499	1005
323	1249	1002
324	1248	1003
325	1748	1003
326	1250	1002
327	1498	1002
328	1249	1002
329	1248	1003
330	1499	998
331	1241	1001
332	1499	1251
333	1498	1000
334	1249	1001
335	1499	1001
336	1249	1010
337	1507	754
338	1498	753
339	1249	995
340	1498	1003
341	1496	755
342	1250	1002
343	1499	753
344	1247	1004
345	1500	753
346	1250	1001
347	1498	749
348	1249	1002
349	1498	754
350	1250	752
351	1498	751
352	1248	1003
353	1502	750
354	1496	753
355	1249	1002
356	1498	753
357	1249	1003
358	1499	752
359	1249	1003
360	1248	1005
361	1499	1251
362	1501	1000
363	1499	750
364	1246	1001
365	1248	1002
366	1499	752
367	1249	1002
368	1248	1002
369	1499	1002
370	1499	752
371	1249	1003
372	1498	751
373	1248	1002
374	1499	758
375	1251	1002
376	1498	752
377	1248	1002
378	1499	752
379	1249	752
380	1248	1002
381	1499	752
382	1248	1002
383	1499	1004
384	1499	752
385	1249	1002
386	1498	1002
387	1250	1002
388	1499	1002
389	1248	1003
390	1499	1002
391	1498	1002
392	1249	1002
393	1499	752
394	1249	1002
395	1248	999
396	1500	1003
397	1248	1002
398	1498	1003
399	1499	764
